35 15 1
47	29	18	16	58	81	4	54	50	96	75	56	90	63	85	16	22	72	14	10	28	1	42	3	71	94	24	19	32	89	66	16	69	39	39	
50	15	59	85	60	96	56	15	99	41	15	57	26	49	47	97	13	20	32	63	13	66	63	81	25	48	39	21	3	91	43	15	95	42	14	
89	10	17	8	37	26	14	79	46	35	46	81	94	66	22	68	91	26	87	48	51	61	82	76	47	96	64	44	83	69	71	99	96	86	29	
54	52	11	42	58	88	45	73	87	72	81	71	75	2	89	53	47	7	72	49	67	69	20	92	87	90	55	14	46	99	22	45	32	52	89	
44	47	81	37	22	100	16	64	62	1	1	78	73	32	42	69	69	21	84	71	83	10	9	77	63	22	22	9	39	96	95	39	27	70	29	
78	79	43	29	20	2	20	99	25	82	14	40	61	18	83	16	99	26	24	11	22	64	70	80	70	76	67	64	6	60	23	32	70	12	77	
53	56	59	33	71	15	17	49	87	82	56	74	32	14	53	32	59	52	44	26	38	40	45	48	39	28	8	37	26	68	68	52	73	73	95	
47	95	33	47	52	67	41	61	99	16	68	35	55	53	83	2	28	65	55	92	27	98	25	85	70	46	82	3	17	71	71	44	59	76	100	
70	28	76	18	1	50	8	17	91	79	75	44	1	59	52	7	55	39	22	39	63	66	71	54	29	82	38	69	32	1	11	53	78	23	6	
8	17	73	30	6	48	46	52	45	16	29	84	70	58	69	34	6	99	55	1	86	3	38	49	58	74	68	54	4	13	98	19	36	62	61	
13	56	96	36	84	98	26	26	43	82	90	25	77	70	46	27	67	12	21	12	55	1	18	60	44	9	69	38	84	13	98	3	9	50	77	
94	26	36	77	50	75	68	69	76	4	24	23	57	66	62	38	23	24	66	17	75	16	5	67	13	95	49	63	92	2	60	73	50	6	45	
52	78	7	45	98	47	33	45	75	21	18	38	94	97	26	8	13	53	17	52	11	85	37	43	33	72	58	88	76	84	70	39	94	61	37	
54	46	41	25	9	43	48	29	11	22	81	53	67	87	25	72	27	39	9	46	24	80	50	1	27	67	43	19	97	14	80	95	18	61	7	
35	30	51	83	84	73	33	81	64	5	5	16	77	7	52	93	23	21	9	70	71	50	27	72	38	21	24	44	47	87	98	45	4	53	4	
76	60	83	33	24	54	44	41	99	97	86	87	32	15	100	64	47	94	70	82	55	58	16	95	83	16	5	35	12	10	52	3	57	86	52	
68	74	70	3	20	68	35	7	15	93	23	39	59	17	3	70	77	72	8	59	93	93	44	51	84	92	61	73	52	50	17	98	58	28	54	
70	67	10	55	62	67	50	58	59	45	16	51	74	4	6	53	33	4	25	11	39	56	60	62	94	78	52	49	66	70	41	49	48	72	54	
28	61	29	71	54	94	24	42	60	79	93	69	83	53	24	15	90	26	66	1	94	28	86	28	96	51	13	42	71	44	11	77	10	45	35	
30	76	34	34	6	58	49	21	12	98	87	50	37	81	17	16	6	15	47	39	89	43	42	66	31	7	82	90	92	91	78	18	58	4	81	
53	87	28	87	59	39	82	53	94	43	58	75	89	34	19	75	72	88	8	72	88	36	9	17	42	10	68	57	82	88	77	64	90	88	49	
12	38	39	69	13	8	15	48	71	24	40	98	63	69	91	37	86	80	43	8	50	49	46	50	75	94	31	15	12	9	98	41	24	97	84	
20	13	20	34	58	45	59	44	37	39	61	43	15	68	100	70	41	85	82	80	38	1	48	64	65	65	80	38	36	39	34	70	15	30	67	
86	32	15	61	1	93	39	52	35	27	30	84	13	64	5	46	38	16	76	67	2	80	57	29	42	33	52	72	85	24	47	38	6	8	21	
57	84	43	84	30	19	36	94	59	37	47	63	95	41	6	45	60	75	87	14	11	67	84	59	66	99	2	93	20	97	53	28	72	60	84	
84	66	74	65	35	54	67	33	87	45	92	28	96	12	42	84	97	34	53	54	82	93	67	25	95	60	13	25	89	20	17	84	61	63	84	
68	40	88	67	12	1	68	63	46	58	4	36	86	38	67	58	6	75	28	45	18	10	90	100	60	4	70	49	57	90	44	69	21	49	28	
95	25	96	48	13	97	86	22	1	79	6	97	65	58	14	13	83	51	66	51	53	12	91	67	28	39	40	84	25	13	73	65	21	85	3	
11	19	37	78	72	67	59	36	16	30	17	23	68	41	89	58	35	44	70	84	80	85	29	27	17	54	8	100	76	13	17	43	78	22	44	
4	93	11	27	49	80	26	22	29	39	21	93	77	62	58	36	91	20	12	80	70	2	75	12	90	66	35	39	22	34	2	92	79	40	73	
84	88	13	35	95	37	36	9	58	78	85	50	82	65	44	36	35	29	92	63	75	16	78	26	62	86	32	61	13	38	14	27	13	21	76	
8	46	97	24	20	69	9	86	16	13	81	95	5	7	83	15	81	23	40	60	66	6	99	82	42	4	11	98	87	68	84	24	72	59	23	
23	1	45	41	94	3	52	38	86	80	61	34	63	66	65	26	3	99	21	65	57	38	13	45	14	59	55	49	89	9	37	11	30	85	92	
83	98	82	80	84	45	65	70	82	47	20	41	94	47	38	52	23	90	99	14	46	69	28	41	74	4	31	20	82	28	72	41	79	73	58	
64	80	1	63	35	48	50	53	32	86	14	40	39	85	6	46	77	30	97	100	100	75	35	80	20	61	55	26	21	58	52	75	61	99	80	
26	39	71	55	88	39	71	40	39	35	58	81	77	62	59	
39	26	55	26	50	31	64	16	47	41	24	57	45	23	45	
71	55	26	78	80	85	18	70	40	40	72	108	31	57	100	
55	26	78	26	39	23	89	15	73	66	9	31	60	26	24	
88	50	80	39	26	62	96	50	93	87	32	46	50	28	58	
39	31	85	23	62	26	92	16	68	62	30	42	74	44	21	
71	64	18	89	96	92	26	79	33	36	84	120	49	72	109	
40	16	70	15	50	16	79	26	60	53	18	44	58	29	30	
39	47	40	73	93	68	33	60	26	7	71	104	60	65	88	
35	41	40	66	87	62	36	53	7	26	64	97	56	59	81	
58	24	72	9	32	30	84	18	71	64	26	36	52	17	33	
81	57	108	31	46	42	120	44	104	97	36	26	85	51	24	
77	45	31	60	50	74	49	58	60	56	52	85	26	35	84	
62	23	57	26	28	44	72	29	65	59	17	51	35	26	50	
59	45	100	24	58	21	109	30	88	81	33	24	84	50	26	
3024		405		319		2597		1400		3306		1394		2856		280		2975		3784		2686		345		2250		4824		
3321		2714		4760		1400		868		4743		6200		1092		368		5418		840		96		1044		1736		1892		
2166		3034		3534		1258		2774		108		5841		1176		864		2178		2898		2736		7480		3024		2352		
56		2208		888		6300		5280		3290		923		2304		228		1575		6072		3872		7052		6900		3685		
832		3655		1920		1206		3102		2548		4922		464		1246		2378		2548		960		6622		301		1023		
7030		2914		261		4042		3916		7917		200		3003		2964		3280		5440		8468		2829		2112		1819		
3864		3720		1615		19		972		306		2080		1675		5644		4004		924		1175		2607		450		440		
2205		390		5280		760		4183		1005		1890		216		142		1088		176		1221		3705		3104		500		
192		212		9612		2848		5980		1430		2106		1862		7708		8272		2419		1430		4416		4408		272		
1638		2704		2730		4067		1552		70		2697		2622		8010		7140		1040		4514		3276		1247		4970		
1763		1219		1696		490		2583		4108		1080		1209		570		1900		2772		5200		1122		576		1311		
1886		432		1071		1674		1927		96		1224		456		5445		720		578		1519		1800		391		1221		
3002		2665		4453		124		306		424		4895		2050		2436		2028		1012		2904		1485		19		5096		
946		1504		6432		1540		255		6534		1008		260		8245		6241		828		649		936		1056		1650		
1044		220		4717		2580		3672		1792		4636		1638		3784		2812		648		6100		1215		1026		1440		
